SIMPLE  = T
BITPIX  = -64
NAXIS   = 2
NAXIS1  = 44
NAXIS2  = 44
CTYPE1  = 'RA---TAN'
CTYPE2  = 'DEC--TAN'
CRVAL1  =    0.539580
CRVAL2  =    2.940560
CRPIX1  =   22.500000
CRPIX2  =   22.500000
CDELT1  =   -0.000277778
CDELT2  =    0.000277778
CROTA2  =    0.000000
EQUINOX = 2000.0
END
