SIMPLE  = T
BITPIX  = -64
NAXIS   = 2
NAXIS1  = 190
NAXIS2  = 190
CTYPE1  = 'RA---TAN'
CTYPE2  = 'DEC--TAN'
CRVAL1  =   14.177920
CRVAL2  =   -9.914170
CRPIX1  =   95.500000
CRPIX2  =   95.500000
CDELT1  =   -0.000277778
CDELT2  =    0.000277778
CROTA2  =    0.000000
EQUINOX = 2000.0
END
