SIMPLE  = T
BITPIX  = -64
NAXIS   = 2
NAXIS1  = 30
NAXIS2  = 30
CTYPE1  = 'RA---TAN'
CTYPE2  = 'DEC--TAN'
CRVAL1  =    4.330420
CRVAL2  =    6.723330
CRPIX1  =   15.500000
CRPIX2  =   15.500000
CDELT1  =   -0.000277778
CDELT2  =    0.000277778
CROTA2  =    0.000000
EQUINOX = 2000.0
END
