SIMPLE  = T
BITPIX  = -64
NAXIS   = 2
NAXIS1  = 27
NAXIS2  = 27
CTYPE1  = 'RA---TAN'
CTYPE2  = 'DEC--TAN'
CRVAL1  =  236.723330
CRVAL2  =   17.873330
CRPIX1  =   14.000000
CRPIX2  =   14.000000
CDELT1  =   -0.000277778
CDELT2  =    0.000277778
CROTA2  =    0.000000
EQUINOX = 2000.0
END
