SIMPLE  = T
BITPIX  = -64
NAXIS   = 2
NAXIS1  = 8248
NAXIS2  = 8248
CTYPE1  = 'RA---TAN'
CTYPE2  = 'DEC--TAN'
CRVAL1  =  135.150000
CRVAL2  =   50.676940
CRPIX1  = 4124.500000
CRPIX2  = 4124.500000
CDELT1  =   -0.000277778
CDELT2  =    0.000277778
CROTA2  =    0.000000
EQUINOX = 2000.0
END
