SIMPLE  = T
BITPIX  = -64
NAXIS   = 2
NAXIS1  = 143
NAXIS2  = 143
CTYPE1  = 'RA---TAN'
CTYPE2  = 'DEC--TAN'
CRVAL1  =    0.427400
CRVAL2  =   23.494700
CRPIX1  =   72.000000
CRPIX2  =   72.000000
CDELT1  =   -0.000277778
CDELT2  =    0.000277778
CROTA2  =    0.000000
EQUINOX = 2000.0
END
