SIMPLE  = T
BITPIX  = -64
NAXIS   = 2
NAXIS1  = 74
NAXIS2  = 74
CTYPE1  = 'RA---TAN'
CTYPE2  = 'DEC--TAN'
CRVAL1  =  193.472080
CRVAL2  =   26.443890
CRPIX1  =   37.500000
CRPIX2  =   37.500000
CDELT1  =   -0.000277778
CDELT2  =    0.000277778
CROTA2  =    0.000000
EQUINOX = 2000.0
END
