SIMPLE  = T
BITPIX  = -64
NAXIS   = 2
NAXIS1  = 111
NAXIS2  = 111
CTYPE1  = 'RA---TAN'
CTYPE2  = 'DEC--TAN'
CRVAL1  =    0.088750
CRVAL2  =   -2.610560
CRPIX1  =   56.000000
CRPIX2  =   56.000000
CDELT1  =   -0.000277778
CDELT2  =    0.000277778
CROTA2  =    0.000000
EQUINOX = 2000.0
END
