SIMPLE  = T
BITPIX  = -64
NAXIS   = 2
NAXIS1  = 8837
NAXIS2  = 8837
CTYPE1  = 'RA---TAN'
CTYPE2  = 'DEC--TAN'
CRVAL1  =  193.472080
CRVAL2  =   26.443890
CRPIX1  = 4419.000000
CRPIX2  = 4419.000000
CDELT1  =   -0.000277778
CDELT2  =    0.000277778
CROTA2  =    0.000000
EQUINOX = 2000.0
END
