SIMPLE  = T
BITPIX  = -64
NAXIS   = 2
NAXIS1  = 17272
NAXIS2  = 17272
CTYPE1  = 'RA---TAN'
CTYPE2  = 'DEC--TAN'
CRVAL1  =    0.007500
CRVAL2  =   47.274440
CRPIX1  = 8636.500000
CRPIX2  = 8636.500000
CDELT1  =   -0.000277778
CDELT2  =    0.000277778
CROTA2  =    0.000000
EQUINOX = 2000.0
END
