SIMPLE  = T
BITPIX  = -64
NAXIS   = 2
NAXIS1  = 2990
NAXIS2  = 2995
CTYPE1  = 'RA---TAN'
CTYPE2  = 'DEC--TAN'
EQUINOX = 2000
CRVAL1  =   10.717965422
CRVAL2  =   41.329510333
CDELT1  =   -0.000277780
CDELT2  =    0.000277780
CRPIX1  =      1495.5000
CRPIX2  =      1498.0000
CROTA2  =    0.000000000
END
