SIMPLE  = T
BITPIX  = -64
NAXIS   = 2
NAXIS1  = 72
NAXIS2  = 72
CTYPE1  = 'RA---TAN'
CTYPE2  = 'DEC--TAN'
CRVAL1  =    0.184580
CRVAL2  =   28.401390
CRPIX1  =   36.500000
CRPIX2  =   36.500000
CDELT1  =   -0.000277778
CDELT2  =    0.000277778
CROTA2  =    0.000000
EQUINOX = 2000.0
END
