SIMPLE  = T
BITPIX  = -64
NAXIS   = 2
NAXIS1  = 76
NAXIS2  = 76
CTYPE1  = 'RA---TAN'
CTYPE2  = 'DEC--TAN'
CRVAL1  =    7.312500
CRVAL2  =    2.865280
CRPIX1  =   38.500000
CRPIX2  =   38.500000
CDELT1  =   -0.000277778
CDELT2  =    0.000277778
CROTA2  =    0.000000
EQUINOX = 2000.0
END
