SIMPLE  = T
BITPIX  = -64
NAXIS   = 2
NAXIS1  = 4329
NAXIS2  = 4329
CTYPE1  = 'RA---TAN'
CTYPE2  = 'DEC--TAN'
CRVAL1  =  169.458330
CRVAL2  =   26.624720
CRPIX1  = 2165.000000
CRPIX2  = 2165.000000
CDELT1  =   -0.000277778
CDELT2  =    0.000277778
CROTA2  =    0.000000
EQUINOX = 2000.0
END
