SIMPLE  = T
BITPIX  = -64
NAXIS   = 2
NAXIS1  = 6257
NAXIS2  = 6257
CTYPE1  = 'RA---TAN'
CTYPE2  = 'DEC--TAN'
CRVAL1  =  139.463330
CRVAL2  =   -0.279170
CRPIX1  = 3129.000000
CRPIX2  = 3129.000000
CDELT1  =   -0.000277778
CDELT2  =    0.000277778
CROTA2  =    0.000000
EQUINOX = 2000.0
END
