SIMPLE  = T
BITPIX  = -64
NAXIS   = 2
NAXIS1  = 5462
NAXIS2  = 5462
CTYPE1  = 'RA---TAN'
CTYPE2  = 'DEC--TAN'
CRVAL1  =  163.129580
CRVAL2  =    7.224440
CRPIX1  = 2731.500000
CRPIX2  = 2731.500000
CDELT1  =   -0.000277778
CDELT2  =    0.000277778
CROTA2  =    0.000000
EQUINOX = 2000.0
END
