SIMPLE  = T
BITPIX  = -64
NAXIS   = 2
NAXIS1  = 181
NAXIS2  = 181
CTYPE1  = 'RA---TAN'
CTYPE2  = 'DEC--TAN'
CRVAL1  =    7.312500
CRVAL2  =    2.865280
CRPIX1  =   91.000000
CRPIX2  =   91.000000
CDELT1  =   -0.000277778
CDELT2  =    0.000277778
CROTA2  =    0.000000
EQUINOX = 2000.0
END
