SIMPLE  = T
BITPIX  = -64
NAXIS   = 2
NAXIS1  = 120
NAXIS2  = 120
CTYPE1  = 'RA---TAN'
CTYPE2  = 'DEC--TAN'
CRVAL1  =  238.579170
CRVAL2  =    0.545000
CRPIX1  =   60.500000
CRPIX2  =   60.500000
CDELT1  =   -0.000277778
CDELT2  =    0.000277778
CROTA2  =    0.000000
EQUINOX = 2000.0
END
