SIMPLE  = T
BITPIX  = -64
NAXIS   = 2
NAXIS1  = 10898
NAXIS2  = 10898
CTYPE1  = 'RA---TAN'
CTYPE2  = 'DEC--TAN'
CRVAL1  =  153.384580
CRVAL2  =   20.173060
CRPIX1  = 5449.500000
CRPIX2  = 5449.500000
CDELT1  =   -0.000277778
CDELT2  =    0.000277778
CROTA2  =    0.000000
EQUINOX = 2000.0
END
