SIMPLE  = T
BITPIX  = -64
NAXIS   = 2
NAXIS1  = 91
NAXIS2  = 91
CTYPE1  = 'RA---TAN'
CTYPE2  = 'DEC--TAN'
CRVAL1  =    0.332500
CRVAL2  =   13.111670
CRPIX1  =   46.000000
CRPIX2  =   46.000000
CDELT1  =   -0.000277778
CDELT2  =    0.000277778
CROTA2  =    0.000000
EQUINOX = 2000.0
END
